_id,DATE,COVID_TEST,DAILY_DELTA_TESTS,DAILY_BASE_TESTS,COVID_DEATHS,DAILY_DELTA_DEATHS,DAILY_BASE_DEATHS,COVID_COUNT,DAILY_DELTA_CASES,DAILY_BASE_CASES,COVID_COUNT_CUMSUM,COVID_DEATHS_CUMSUM,COVID_TEST_CUMSUM
1,2020-02-26T00:00:00,1,0,1,0,0,0,0,0,0,0,0,1
2,2020-02-27T00:00:00,1,0,1,0,0,0,0,0,0,0,0,2
3,2020-02-29T00:00:00,1,0,1,0,0,0,0,0,0,0,0,3
4,2020-03-02T00:00:00,2,0,2,0,0,0,0,0,0,0,0,5
5,2020-03-03T00:00:00,4,0,4,0,0,0,0,0,0,0,0,9
6,2020-03-04T00:00:00,4,0,4,0,0,0,0,0,0,0,0,13
7,2020-03-05T00:00:00,2,0,2,0,0,0,0,0,0,0,0,15
8,2020-03-06T00:00:00,6,0,6,0,0,0,1,0,1,1,0,21
9,2020-03-07T00:00:00,5,0,5,0,0,0,0,0,0,1,0,26
10,2020-03-08T00:00:00,9,0,9,0,0,0,3,0,3,4,0,35
11,2020-03-09T00:00:00,25,0,25,0,0,0,1,0,1,5,0,60
12,2020-03-10T00:00:00,52,0,52,0,0,0,5,0,5,10,0,112
13,2020-03-11T00:00:00,60,0,60,0,0,0,1,0,1,11,0,172
14,2020-03-12T00:00:00,198,0,198,0,0,0,1,0,1,12,0,370
15,2020-03-13T00:00:00,249,0,249,0,0,0,3,0,3,15,0,619
16,2020-03-14T00:00:00,278,0,278,0,0,0,0,0,0,15,0,897
17,2020-03-15T00:00:00,145,0,145,1,0,1,11,0,11,26,1,1042
18,2020-03-16T00:00:00,652,0,652,1,0,1,4,0,4,30,2,1694
19,2020-03-17T00:00:00,755,0,755,2,0,2,9,0,9,39,4,2449
20,2020-03-18T00:00:00,872,0,872,1,0,1,17,0,17,56,5,3321
21,2020-03-19T00:00:00,1099,0,1099,0,0,0,23,0,23,79,5,4420
22,2020-03-20T00:00:00,1754,0,1754,4,0,4,45,0,45,124,9,6174
23,2020-03-21T00:00:00,701,0,701,5,0,5,75,0,75,199,14,6875
24,2020-03-22T00:00:00,1029,0,1029,5,0,5,57,0,57,256,19,7904
25,2020-03-23T00:00:00,1474,0,1474,5,0,5,105,0,105,361,24,9378
26,2020-03-24T00:00:00,1619,0,1619,5,0,5,113,0,113,474,29,10997
27,2020-03-25T00:00:00,2341,0,2341,6,0,6,162,0,162,636,35,13338
28,2020-03-26T00:00:00,2629,0,2629,9,0,9,303,0,303,939,44,15967
29,2020-03-27T00:00:00,2178,0,2178,3,0,3,282,0,282,1221,47,18145
30,2020-03-28T00:00:00,1280,0,1280,11,0,11,288,0,288,1509,58,19425
31,2020-03-29T00:00:00,1632,0,1632,18,0,18,271,0,271,1780,76,21057
32,2020-03-30T00:00:00,1967,0,1967,15,0,15,372,0,372,2152,91,23024
33,2020-03-31T00:00:00,2341,0,2341,22,0,22,406,0,406,2558,113,25365
34,2020-04-01T00:00:00,2561,0,2561,22,0,22,468,0,468,3026,135,27926
35,2020-04-02T00:00:00,2710,0,2710,22,0,22,396,0,396,3422,157,30636
36,2020-04-03T00:00:00,2822,0,2822,32,0,32,513,0,513,3935,189,33458
37,2020-04-04T00:00:00,1649,0,1649,25,0,25,461,0,461,4396,214,35107
38,2020-04-05T00:00:00,1102,0,1102,34,0,34,527,0,527,4923,248,36209
39,2020-04-06T00:00:00,2463,0,2463,25,0,25,556,0,556,5479,273,38672
40,2020-04-07T00:00:00,2795,0,2795,36,0,36,422,0,422,5901,309,41467
41,2020-04-08T00:00:00,3114,0,3114,29,0,29,422,0,422,6323,338,44581
42,2020-04-09T00:00:00,2782,0,2782,37,0,37,558,0,558,6881,375,47363
43,2020-04-10T00:00:00,2757,0,2757,25,0,25,514,0,514,7395,400,50120
44,2020-04-11T00:00:00,1548,0,1548,20,0,20,486,0,486,7881,420,51668
45,2020-04-12T00:00:00,713,0,713,29,0,29,319,0,319,8200,449,52381
46,2020-04-13T00:00:00,3497,0,3497,35,0,35,292,0,292,8492,484,55878
47,2020-04-14T00:00:00,3644,0,3644,46,0,46,417,0,417,8909,530,59522
48,2020-04-15T00:00:00,3332,0,3332,38,0,38,577,0,577,9486,568,62854
49,2020-04-16T00:00:00,4017,0,4017,34,0,34,599,0,599,10085,602,66871
50,2020-04-17T00:00:00,4241,1,4240,36,0,36,505,0,505,10590,638,71112
51,2020-04-18T00:00:00,1787,0,1787,28,0,28,556,0,556,11146,666,72899
52,2020-04-19T00:00:00,1122,0,1122,37,0,37,479,0,479,11625,703,74021
53,2020-04-20T00:00:00,4402,0,4402,38,0,38,382,0,382,12007,741,78423
54,2020-04-21T00:00:00,3922,1,3921,49,0,49,378,0,378,12385,790,82345
55,2020-04-22T00:00:00,3951,0,3951,50,0,50,604,0,604,12989,840,86296
56,2020-04-23T00:00:00,4524,0,4524,38,0,38,644,0,644,13633,878,90820
57,2020-04-24T00:00:00,3693,0,3693,37,0,37,697,0,697,14330,915,94513
58,2020-04-25T00:00:00,2388,0,2388,41,0,41,624,0,624,14954,956,96901
59,2020-04-26T00:00:00,1855,0,1855,34,0,34,946,0,946,15900,990,98756
60,2020-04-27T00:00:00,4846,0,4846,42,0,42,613,0,613,16513,1032,103602
61,2020-04-28T00:00:00,5098,0,5098,34,0,34,594,0,594,17107,1066,108700
62,2020-04-29T00:00:00,5434,0,5434,43,0,43,647,0,647,17754,1109,114134
63,2020-04-30T00:00:00,5844,0,5844,45,0,45,789,0,789,18543,1154,119978
64,2020-05-01T00:00:00,6735,0,6735,36,0,36,651,0,651,19194,1190,126713
65,2020-05-02T00:00:00,3330,0,3330,44,0,44,634,0,634,19828,1234,130043
66,2020-05-03T00:00:00,1839,0,1839,32,0,32,568,0,568,20396,1266,131882
67,2020-05-04T00:00:00,5900,0,5900,38,0,38,523,0,523,20919,1304,137782
68,2020-05-05T00:00:00,6610,0,6610,38,0,38,831,0,831,21750,1342,144392
69,2020-05-06T00:00:00,6036,0,6036,43,0,43,620,0,620,22370,1385,150428
70,2020-05-07T00:00:00,6681,0,6681,34,0,34,632,0,632,23002,1419,157109
71,2020-05-08T00:00:00,6752,0,6752,25,0,25,587,0,587,23589,1444,163861
72,2020-05-09T00:00:00,3350,0,3350,32,0,32,387,0,387,23976,1476,167211
73,2020-05-10T00:00:00,1322,0,1322,34,0,34,460,0,460,24436,1510,168533
74,2020-05-11T00:00:00,7213,0,7213,41,0,41,507,0,507,24943,1551,175746
75,2020-05-12T00:00:00,6959,0,6959,38,0,38,373,0,373,25316,1589,182705
76,2020-05-13T00:00:00,7283,0,7283,27,0,27,601,0,601,25917,1616,189988
77,2020-05-14T00:00:00,8104,0,8104,42,0,42,583,0,583,26500,1658,198092
78,2020-05-15T00:00:00,9756,0,9756,32,0,32,633,0,633,27133,1690,207848
79,2020-05-16T00:00:00,3156,0,3156,28,0,28,493,0,493,27626,1718,211004
80,2020-05-17T00:00:00,1926,0,1926,30,0,30,481,0,481,28107,1748,212930
81,2020-05-18T00:00:00,8363,0,8363,39,0,39,450,0,450,28557,1787,221293
82,2020-05-19T00:00:00,7111,1,7110,29,0,29,550,0,550,29107,1816,228404
83,2020-05-20T00:00:00,6772,0,6772,31,0,31,643,0,643,29750,1847,235176
84,2020-05-21T00:00:00,7651,0,7651,37,0,37,459,0,459,30209,1884,242827
85,2020-05-22T00:00:00,8305,0,8305,18,0,18,488,0,488,30697,1902,251132
86,2020-05-23T00:00:00,2849,0,2849,24,0,24,473,0,473,31170,1926,253981
87,2020-05-24T00:00:00,1867,0,1867,15,0,15,337,0,337,31507,1941,255848
88,2020-05-25T00:00:00,1824,0,1824,21,0,21,358,0,358,31865,1962,257672
89,2020-05-26T00:00:00,7939,0,7939,19,0,19,348,0,348,32213,1981,265611
90,2020-05-27T00:00:00,6493,0,6493,14,0,14,594,0,594,32807,1995,272104
91,2020-05-28T00:00:00,7174,1,7173,18,0,18,477,0,477,33284,2013,279278
92,2020-05-29T00:00:00,7807,0,7807,21,0,21,558,0,558,33842,2034,287085
93,2020-05-30T00:00:00,2887,0,2887,21,0,21,340,0,340,34182,2055,289972
94,2020-05-31T00:00:00,1820,0,1820,16,0,16,281,0,281,34463,2071,291792
95,2020-06-01T00:00:00,8136,0,8136,20,0,20,411,0,411,34874,2091,299928
96,2020-06-02T00:00:00,5712,0,5712,15,0,15,477,0,477,35351,2106,305640
97,2020-06-03T00:00:00,6756,0,6756,24,0,24,425,0,425,35776,2130,312396
98,2020-06-04T00:00:00,6980,0,6980,22,0,22,501,0,501,36277,2152,319376
99,2020-06-05T00:00:00,7924,0,7924,21,0,21,420,0,420,36697,2173,327300
100,2020-06-06T00:00:00,3717,0,3717,8,0,8,402,0,402,37099,2181,331017
101,2020-06-07T00:00:00,1992,0,1992,15,0,15,232,0,232,37331,2196,333009
102,2020-06-08T00:00:00,9697,0,9697,16,0,16,386,0,386,37717,2212,342706
103,2020-06-09T00:00:00,6616,0,6616,23,0,23,306,0,306,38023,2235,349322
104,2020-06-10T00:00:00,8062,0,8062,17,0,17,395,0,395,38418,2252,357384
105,2020-06-11T00:00:00,9837,0,9837,15,0,15,414,0,414,38832,2267,367221
106,2020-06-12T00:00:00,10084,0,10084,13,0,13,405,0,405,39237,2280,377305
107,2020-06-13T00:00:00,4931,0,4931,9,0,9,389,0,389,39626,2289,382236
108,2020-06-14T00:00:00,1905,1,1904,21,0,21,327,0,327,39953,2310,384141
109,2020-06-15T00:00:00,11370,0,11370,13,0,13,414,0,414,40367,2323,395511
110,2020-06-16T00:00:00,9769,0,9769,13,0,13,237,0,237,40604,2336,405280
111,2020-06-17T00:00:00,10142,0,10142,17,0,17,549,0,549,41153,2353,415422
112,2020-06-18T00:00:00,10117,0,10117,23,0,23,367,0,367,41520,2376,425539
113,2020-06-19T00:00:00,10212,0,10212,13,0,13,381,0,381,41901,2389,435751
114,2020-06-20T00:00:00,4400,0,4400,10,0,10,371,0,371,42272,2399,440151
115,2020-06-21T00:00:00,1841,0,1841,11,0,11,248,0,248,42520,2410,441992
116,2020-06-22T00:00:00,10662,0,10662,14,0,14,303,0,303,42823,2424,452654
117,2020-06-23T00:00:00,9696,0,9696,4,0,4,272,0,272,43095,2428,462350
118,2020-06-24T00:00:00,9080,0,9080,10,0,10,511,0,511,43606,2438,471430
119,2020-06-25T00:00:00,9335,0,9335,13,0,13,445,0,445,44051,2451,480765
120,2020-06-26T00:00:00,9824,0,9824,12,0,12,477,0,477,44528,2463,490589
121,2020-06-27T00:00:00,4037,0,4037,10,0,10,348,0,348,44876,2473,494626
122,2020-06-28T00:00:00,2970,1,2969,9,0,9,300,0,300,45176,2482,497596
123,2020-06-29T00:00:00,10255,0,10255,8,0,8,370,0,370,45546,2490,507851
124,2020-06-30T00:00:00,8906,0,8906,7,0,7,356,0,356,45902,2497,516757
125,2020-07-01T00:00:00,7974,0,7974,11,0,11,440,0,440,46342,2508,524731
126,2020-07-02T00:00:00,9053,0,9053,8,0,8,527,0,527,46869,2516,533784
127,2020-07-03T00:00:00,5202,0,5202,9,0,9,496,0,496,47365,2525,538986
128,2020-07-04T00:00:00,2094,0,2094,7,0,7,589,0,589,47954,2532,541080
129,2020-07-05T00:00:00,2705,0,2705,11,0,11,315,0,315,48269,2543,543785
130,2020-07-06T00:00:00,11263,0,11263,15,0,15,300,0,300,48569,2558,555048
131,2020-07-07T00:00:00,9822,0,9822,6,0,6,445,0,445,49014,2564,564870
132,2020-07-08T00:00:00,8955,0,8955,8,0,8,499,0,499,49513,2572,573825
133,2020-07-09T00:00:00,8920,0,8920,10,0,10,719,0,719,50232,2582,582745
134,2020-07-10T00:00:00,10203,0,10203,7,0,7,757,0,757,50989,2589,592948
135,2020-07-11T00:00:00,4819,1,4818,8,0,8,546,0,546,51535,2597,597767
136,2020-07-12T00:00:00,3561,1,3560,13,0,13,446,0,446,51981,2610,601328
137,2020-07-13T00:00:00,12350,1,12349,9,0,9,644,0,644,52625,2619,613678
138,2020-07-14T00:00:00,11673,0,11673,5,0,5,678,0,678,53303,2624,625351
139,2020-07-15T00:00:00,11231,0,11231,10,0,10,720,0,720,54023,2634,636582
140,2020-07-16T00:00:00,12802,0,12802,9,0,9,736,0,736,54759,2643,649384
141,2020-07-17T00:00:00,13143,0,13143,9,0,9,833,0,833,55592,2652,662527
142,2020-07-18T00:00:00,5586,0,5586,6,0,6,909,0,909,56501,2658,668113
143,2020-07-19T00:00:00,3076,0,3076,8,0,8,639,0,639,57140,2666,671189
144,2020-07-20T00:00:00,13015,0,13015,13,0,13,713,0,713,57853,2679,684204
145,2020-07-21T00:00:00,12618,0,12618,9,0,9,736,0,736,58589,2688,696822
146,2020-07-22T00:00:00,12117,1,12116,13,0,13,934,0,934,59523,2701,708939
147,2020-07-23T00:00:00,12060,1,12059,10,0,10,996,0,996,60519,2711,720999
148,2020-07-24T00:00:00,12287,1,12286,9,0,9,914,0,914,61433,2720,733286
149,2020-07-25T00:00:00,4944,2,4942,8,0,8,834,0,834,62267,2728,738230
150,2020-07-26T00:00:00,2495,0,2495,8,0,8,550,0,550,62817,2736,740725
151,2020-07-27T00:00:00,12468,4,12464,4,0,4,800,0,800,63617,2740,753193
152,2020-07-28T00:00:00,12516,1,12515,6,0,6,620,0,620,64237,2746,765709
153,2020-07-29T00:00:00,11330,0,11330,19,0,19,965,0,965,65202,2765,777039
154,2020-07-30T00:00:00,11072,6,11066,9,0,9,901,0,901,66103,2774,788111
155,2020-07-31T00:00:00,11839,1,11838,10,0,10,1002,0,1002,67105,2784,799950
156,2020-08-01T00:00:00,4686,0,4686,11,0,11,792,0,792,67897,2795,804636
157,2020-08-02T00:00:00,2666,0,2666,9,0,9,577,0,577,68474,2804,807302
158,2020-08-03T00:00:00,12514,6,12508,9,0,9,840,0,840,69314,2813,819816
159,2020-08-04T00:00:00,12157,6,12151,9,0,9,751,0,751,70065,2822,831973
160,2020-08-05T00:00:00,11785,8,11777,4,0,4,1075,0,1075,71140,2826,843758
161,2020-08-06T00:00:00,11982,5,11977,13,0,13,1279,0,1279,72419,2839,855740
162,2020-08-07T00:00:00,12548,6,12542,13,0,13,1051,0,1051,73470,2852,868288
163,2020-08-08T00:00:00,4827,0,4827,10,0,10,1049,0,1049,74519,2862,873115
164,2020-08-09T00:00:00,3192,0,3192,6,0,6,673,0,673,75192,2868,876307
165,2020-08-10T00:00:00,14039,9,14030,16,0,16,884,0,884,76076,2884,890346
166,2020-08-11T00:00:00,11948,2,11946,13,0,13,702,0,702,76778,2897,902294
167,2020-08-12T00:00:00,12218,22,12196,15,0,15,1077,0,1077,77855,2912,914512
168,2020-08-13T00:00:00,12532,34,12498,13,0,13,1080,0,1080,78935,2925,927044
169,2020-08-14T00:00:00,13842,12,13830,14,0,14,1138,0,1138,80073,2939,940886
170,2020-08-15T00:00:00,4963,4,4959,9,0,9,776,0,776,80849,2948,945849
171,2020-08-16T00:00:00,3928,2,3926,11,0,11,611,0,611,81460,2959,949777
172,2020-08-17T00:00:00,14354,69,14285,18,0,18,906,0,906,82366,2977,964131
173,2020-08-18T00:00:00,14097,70,14027,5,0,5,547,0,547,82913,2982,978228
174,2020-08-19T00:00:00,13289,39,13250,11,0,11,1010,0,1010,83923,2993,991517
175,2020-08-20T00:00:00,12887,96,12791,12,0,12,1241,0,1241,85164,3005,1004404
176,2020-08-21T00:00:00,12447,57,12390,7,0,7,1147,0,1147,86311,3012,1016851
177,2020-08-22T00:00:00,5205,7,5198,11,0,11,647,0,647,86958,3023,1022056
178,2020-08-23T00:00:00,3045,9,3036,9,0,9,660,0,660,87618,3032,1025101
179,2020-08-24T00:00:00,12688,237,12451,11,0,11,807,0,807,88425,3043,1037789
180,2020-08-25T00:00:00,11213,182,11031,8,0,8,939,0,939,89364,3051,1049002
181,2020-08-26T00:00:00,10566,910,9656,2,0,2,1130,0,1130,90494,3053,1059568
182,2020-08-27T00:00:00,9841,4557,5284,13,0,13,803,0,803,91297,3066,1069409
183,2020-08-28T00:00:00,5516,3768,1748,5,0,5,1136,0,1136,92433,3071,1074925
184,2020-08-29T00:00:00,1729,1318,411,4,3,1,866,1,865,93299,3075,1076654
185,2020-08-30T00:00:00,293,293,0,2,2,0,897,896,1,94196,3077,1076947
