_id,DATE,COVID_TEST,DAILY_DELTA_TESTS,DAILY_BASE_TESTS,COVID_DEATHS,DAILY_DELTA_DEATHS,DAILY_BASE_DEATHS,COVID_COUNT,DAILY_DELTA_CASES,DAILY_BASE_CASES,COVID_COUNT_CUMSUM,COVID_DEATHS_CUMSUM,COVID_TEST_CUMSUM
1,2020-02-26T00:00:00,1,0,1,0,0,0,0,0,0,0,0,1
2,2020-02-27T00:00:00,1,0,1,0,0,0,0,0,0,0,0,2
3,2020-02-29T00:00:00,1,0,1,0,0,0,0,0,0,0,0,3
4,2020-03-02T00:00:00,2,0,2,0,0,0,0,0,0,0,0,5
5,2020-03-03T00:00:00,4,0,4,0,0,0,0,0,0,0,0,9
6,2020-03-04T00:00:00,4,0,4,0,0,0,0,0,0,0,0,13
7,2020-03-05T00:00:00,2,0,2,0,0,0,0,0,0,0,0,15
8,2020-03-06T00:00:00,6,0,6,0,0,0,1,0,1,1,0,21
9,2020-03-07T00:00:00,5,0,5,0,0,0,0,0,0,1,0,26
10,2020-03-08T00:00:00,9,0,9,0,0,0,3,0,3,4,0,35
11,2020-03-09T00:00:00,25,0,25,0,0,0,1,0,1,5,0,60
12,2020-03-10T00:00:00,52,0,52,0,0,0,5,0,5,10,0,112
13,2020-03-11T00:00:00,63,0,63,0,0,0,1,0,1,11,0,175
14,2020-03-12T00:00:00,198,0,198,0,0,0,1,0,1,12,0,373
15,2020-03-13T00:00:00,251,0,251,0,0,0,3,0,3,15,0,624
16,2020-03-14T00:00:00,282,0,282,0,0,0,0,0,0,15,0,906
17,2020-03-15T00:00:00,148,0,148,1,0,1,11,0,11,26,1,1054
18,2020-03-16T00:00:00,665,0,665,1,0,1,4,0,4,30,2,1719
19,2020-03-17T00:00:00,760,0,760,2,0,2,9,0,9,39,4,2479
20,2020-03-18T00:00:00,879,0,879,1,0,1,17,0,17,56,5,3358
21,2020-03-19T00:00:00,1098,0,1098,0,0,0,23,0,23,79,5,4456
22,2020-03-20T00:00:00,1752,0,1752,4,0,4,45,0,45,124,9,6208
23,2020-03-21T00:00:00,702,0,702,5,0,5,75,0,75,199,14,6910
24,2020-03-22T00:00:00,1028,1,1027,5,0,5,57,0,57,256,19,7938
25,2020-03-23T00:00:00,1475,0,1475,5,0,5,105,0,105,361,24,9413
26,2020-03-24T00:00:00,1621,0,1621,5,0,5,113,0,113,474,29,11034
27,2020-03-25T00:00:00,2339,0,2339,6,0,6,162,0,162,636,35,13373
28,2020-03-26T00:00:00,2624,0,2624,9,0,9,303,0,303,939,44,15997
29,2020-03-27T00:00:00,2180,0,2180,3,0,3,282,0,282,1221,47,18177
30,2020-03-28T00:00:00,1284,0,1284,11,0,11,288,0,288,1509,58,19461
31,2020-03-29T00:00:00,1633,0,1633,18,0,18,271,0,271,1780,76,21094
32,2020-03-30T00:00:00,1971,0,1971,15,0,15,372,0,372,2152,91,23065
33,2020-03-31T00:00:00,2344,0,2344,22,0,22,406,0,406,2558,113,25409
34,2020-04-01T00:00:00,2556,0,2556,22,0,22,468,0,468,3026,135,27965
35,2020-04-02T00:00:00,2706,0,2706,22,0,22,396,0,396,3422,157,30671
36,2020-04-03T00:00:00,2807,0,2807,32,0,32,513,0,513,3935,189,33478
37,2020-04-04T00:00:00,1651,0,1651,25,0,25,461,0,461,4396,214,35129
38,2020-04-05T00:00:00,1121,0,1121,34,0,34,527,0,527,4923,248,36250
39,2020-04-06T00:00:00,2486,0,2486,25,0,25,556,0,556,5479,273,38736
40,2020-04-07T00:00:00,2798,0,2798,36,0,36,422,0,422,5901,309,41534
41,2020-04-08T00:00:00,3083,0,3083,29,0,29,422,0,422,6323,338,44617
42,2020-04-09T00:00:00,2774,0,2774,37,0,37,558,0,558,6881,375,47391
43,2020-04-10T00:00:00,2750,0,2750,25,0,25,514,0,514,7395,400,50141
44,2020-04-11T00:00:00,1549,0,1549,20,0,20,486,0,486,7881,420,51690
45,2020-04-12T00:00:00,723,0,723,29,0,29,319,0,319,8200,449,52413
46,2020-04-13T00:00:00,3506,0,3506,35,0,35,292,0,292,8492,484,55919
47,2020-04-14T00:00:00,3648,0,3648,46,0,46,417,0,417,8909,530,59567
48,2020-04-15T00:00:00,3336,0,3336,38,0,38,577,0,577,9486,568,62903
49,2020-04-16T00:00:00,4008,0,4008,34,0,34,599,0,599,10085,602,66911
50,2020-04-17T00:00:00,4238,0,4238,36,0,36,505,0,505,10590,638,71149
51,2020-04-18T00:00:00,1784,0,1784,28,0,28,556,0,556,11146,666,72933
52,2020-04-19T00:00:00,1138,0,1138,37,0,37,479,0,479,11625,703,74071
53,2020-04-20T00:00:00,4400,0,4400,38,0,38,382,0,382,12007,741,78471
54,2020-04-21T00:00:00,3929,0,3929,49,0,49,378,0,378,12385,790,82400
55,2020-04-22T00:00:00,3944,0,3944,50,0,50,604,0,604,12989,840,86344
56,2020-04-23T00:00:00,4537,0,4537,38,0,38,644,0,644,13633,878,90881
57,2020-04-24T00:00:00,3715,0,3715,37,0,37,697,0,697,14330,915,94596
58,2020-04-25T00:00:00,2399,0,2399,41,0,41,624,0,624,14954,956,96995
59,2020-04-26T00:00:00,1859,0,1859,34,0,34,946,0,946,15900,990,98854
60,2020-04-27T00:00:00,4836,0,4836,42,0,42,612,0,612,16512,1032,103690
61,2020-04-28T00:00:00,5092,0,5092,34,0,34,594,0,594,17106,1066,108782
62,2020-04-29T00:00:00,5422,0,5422,43,0,43,647,0,647,17753,1109,114204
63,2020-04-30T00:00:00,5828,0,5828,45,0,45,789,0,789,18542,1154,120032
64,2020-05-01T00:00:00,6734,0,6734,36,0,36,651,0,651,19193,1190,126766
65,2020-05-02T00:00:00,3333,0,3333,44,0,44,634,0,634,19827,1234,130099
66,2020-05-03T00:00:00,1839,0,1839,32,0,32,568,0,568,20395,1266,131938
67,2020-05-04T00:00:00,5856,0,5856,38,0,38,523,0,523,20918,1304,137794
68,2020-05-05T00:00:00,6605,1,6604,38,0,38,831,0,831,21749,1342,144399
69,2020-05-06T00:00:00,6035,0,6035,43,0,43,620,0,620,22369,1385,150434
70,2020-05-07T00:00:00,6702,0,6702,34,0,34,632,0,632,23001,1419,157136
71,2020-05-08T00:00:00,6752,0,6752,25,0,25,587,0,587,23588,1444,163888
72,2020-05-09T00:00:00,3352,0,3352,32,0,32,387,0,387,23975,1476,167240
73,2020-05-10T00:00:00,1323,0,1323,34,0,34,460,0,460,24435,1510,168563
74,2020-05-11T00:00:00,7219,0,7219,41,0,41,507,0,507,24942,1551,175782
75,2020-05-12T00:00:00,6956,0,6956,38,0,38,373,0,373,25315,1589,182738
76,2020-05-13T00:00:00,7271,0,7271,27,0,27,601,0,601,25916,1616,190009
77,2020-05-14T00:00:00,8095,0,8095,42,0,42,583,0,583,26499,1658,198104
78,2020-05-15T00:00:00,9754,0,9754,32,0,32,633,0,633,27132,1690,207858
79,2020-05-16T00:00:00,3163,0,3163,28,0,28,493,0,493,27625,1718,211021
80,2020-05-17T00:00:00,1928,0,1928,30,0,30,481,0,481,28106,1748,212949
81,2020-05-18T00:00:00,8368,0,8368,39,0,39,450,0,450,28556,1787,221317
82,2020-05-19T00:00:00,7088,0,7088,29,0,29,550,0,550,29106,1816,228405
83,2020-05-20T00:00:00,6772,0,6772,31,0,31,643,0,643,29749,1847,235177
84,2020-05-21T00:00:00,7648,0,7648,37,0,37,459,0,459,30208,1884,242825
85,2020-05-22T00:00:00,8303,0,8303,18,0,18,488,0,488,30696,1902,251128
86,2020-05-23T00:00:00,2850,1,2849,24,0,24,473,0,473,31169,1926,253978
87,2020-05-24T00:00:00,1869,0,1869,15,0,15,337,0,337,31506,1941,255847
88,2020-05-25T00:00:00,1825,0,1825,21,0,21,358,0,358,31864,1962,257672
89,2020-05-26T00:00:00,7946,0,7946,19,0,19,348,0,348,32212,1981,265618
90,2020-05-27T00:00:00,6488,0,6488,14,0,14,594,0,594,32806,1995,272106
91,2020-05-28T00:00:00,7169,1,7168,18,0,18,477,0,477,33283,2013,279275
92,2020-05-29T00:00:00,7799,0,7799,21,0,21,558,0,558,33841,2034,287074
93,2020-05-30T00:00:00,2889,0,2889,21,0,21,340,0,340,34181,2055,289963
94,2020-05-31T00:00:00,1823,0,1823,16,0,16,281,0,281,34462,2071,291786
95,2020-06-01T00:00:00,8129,0,8129,20,0,20,411,0,411,34873,2091,299915
96,2020-06-02T00:00:00,5709,1,5708,15,0,15,477,0,477,35350,2106,305624
97,2020-06-03T00:00:00,6755,0,6755,24,0,24,425,0,425,35775,2130,312379
98,2020-06-04T00:00:00,6978,0,6978,22,0,22,501,0,501,36276,2152,319357
99,2020-06-05T00:00:00,7923,0,7923,21,0,21,420,0,420,36696,2173,327280
100,2020-06-06T00:00:00,3717,0,3717,8,0,8,402,0,402,37098,2181,330997
101,2020-06-07T00:00:00,1993,0,1993,15,0,15,232,0,232,37330,2196,332990
102,2020-06-08T00:00:00,9694,0,9694,16,0,16,386,0,386,37716,2212,342684
103,2020-06-09T00:00:00,6624,0,6624,23,0,23,306,0,306,38022,2235,349308
104,2020-06-10T00:00:00,8064,0,8064,17,0,17,395,0,395,38417,2252,357372
105,2020-06-11T00:00:00,9835,0,9835,15,0,15,414,0,414,38831,2267,367207
106,2020-06-12T00:00:00,10080,0,10080,13,0,13,404,0,404,39235,2280,377287
107,2020-06-13T00:00:00,4929,0,4929,9,0,9,389,0,389,39624,2289,382216
108,2020-06-14T00:00:00,1907,0,1907,21,0,21,327,0,327,39951,2310,384123
109,2020-06-15T00:00:00,11369,0,11369,13,0,13,414,0,414,40365,2323,395492
110,2020-06-16T00:00:00,9765,0,9765,13,0,13,237,0,237,40602,2336,405257
111,2020-06-17T00:00:00,10142,0,10142,17,0,17,549,0,549,41151,2353,415399
112,2020-06-18T00:00:00,10114,0,10114,23,0,23,367,0,367,41518,2376,425513
113,2020-06-19T00:00:00,10210,0,10210,13,0,13,381,0,381,41899,2389,435723
114,2020-06-20T00:00:00,4403,0,4403,10,0,10,371,0,371,42270,2399,440126
115,2020-06-21T00:00:00,1841,0,1841,11,0,11,248,0,248,42518,2410,441967
116,2020-06-22T00:00:00,10660,0,10660,14,0,14,303,0,303,42821,2424,452627
117,2020-06-23T00:00:00,9684,0,9684,4,0,4,272,0,272,43093,2428,462311
118,2020-06-24T00:00:00,9079,0,9079,10,0,10,511,0,511,43604,2438,471390
119,2020-06-25T00:00:00,9342,0,9342,13,0,13,445,0,445,44049,2451,480732
120,2020-06-26T00:00:00,9822,0,9822,12,0,12,477,0,477,44526,2463,490554
121,2020-06-27T00:00:00,4042,0,4042,10,0,10,348,0,348,44874,2473,494596
122,2020-06-28T00:00:00,2968,0,2968,9,0,9,300,0,300,45174,2482,497564
123,2020-06-29T00:00:00,10253,0,10253,8,0,8,370,0,370,45544,2490,507817
124,2020-06-30T00:00:00,8902,0,8902,7,0,7,356,0,356,45900,2497,516719
125,2020-07-01T00:00:00,7969,0,7969,11,0,11,440,0,440,46340,2508,524688
126,2020-07-02T00:00:00,9054,0,9054,8,0,8,527,0,527,46867,2516,533742
127,2020-07-03T00:00:00,5204,0,5204,9,0,9,496,0,496,47363,2525,538946
128,2020-07-04T00:00:00,2093,0,2093,7,0,7,589,0,589,47952,2532,541039
129,2020-07-05T00:00:00,2707,0,2707,11,0,11,315,0,315,48267,2543,543746
130,2020-07-06T00:00:00,11276,0,11276,15,0,15,300,0,300,48567,2558,555022
131,2020-07-07T00:00:00,9825,0,9825,6,0,6,445,0,445,49012,2564,564847
132,2020-07-08T00:00:00,8944,0,8944,8,0,8,499,0,499,49511,2572,573791
133,2020-07-09T00:00:00,8916,0,8916,10,0,10,719,0,719,50230,2582,582707
134,2020-07-10T00:00:00,10180,0,10180,7,0,7,757,0,757,50987,2589,592887
135,2020-07-11T00:00:00,4815,0,4815,8,0,8,546,0,546,51533,2597,597702
136,2020-07-12T00:00:00,3561,0,3561,13,0,13,446,0,446,51979,2610,601263
137,2020-07-13T00:00:00,12339,0,12339,9,0,9,644,0,644,52623,2619,613602
138,2020-07-14T00:00:00,11655,1,11654,5,0,5,677,0,677,53300,2624,625257
139,2020-07-15T00:00:00,11235,0,11235,10,0,10,720,0,720,54020,2634,636492
140,2020-07-16T00:00:00,12804,0,12804,9,0,9,736,0,736,54756,2643,649296
141,2020-07-17T00:00:00,13136,0,13136,9,0,9,833,0,833,55589,2652,662432
142,2020-07-18T00:00:00,5590,0,5590,6,0,6,909,0,909,56498,2658,668022
143,2020-07-19T00:00:00,3084,0,3084,8,0,8,639,0,639,57137,2666,671106
144,2020-07-20T00:00:00,13008,0,13008,13,0,13,713,0,713,57850,2679,684114
145,2020-07-21T00:00:00,12619,0,12619,9,0,9,736,0,736,58586,2688,696733
146,2020-07-22T00:00:00,12111,0,12111,13,0,13,934,0,934,59520,2701,708844
147,2020-07-23T00:00:00,12066,0,12066,10,0,10,995,0,995,60515,2711,720910
148,2020-07-24T00:00:00,12278,0,12278,9,0,9,914,0,914,61429,2720,733188
149,2020-07-25T00:00:00,4960,0,4960,8,0,8,834,0,834,62263,2728,738148
150,2020-07-26T00:00:00,2503,0,2503,8,0,8,550,0,550,62813,2736,740651
151,2020-07-27T00:00:00,12456,1,12455,4,0,4,800,0,800,63613,2740,753107
152,2020-07-28T00:00:00,12510,0,12510,6,0,6,620,0,620,64233,2746,765617
153,2020-07-29T00:00:00,11335,0,11335,19,0,19,965,0,965,65198,2765,776952
154,2020-07-30T00:00:00,11070,0,11070,9,0,9,901,0,901,66099,2774,788022
155,2020-07-31T00:00:00,11836,0,11836,10,0,10,1002,0,1002,67101,2784,799858
156,2020-08-01T00:00:00,4691,0,4691,11,0,11,791,0,791,67892,2795,804549
157,2020-08-02T00:00:00,2663,0,2663,9,0,9,577,0,577,68469,2804,807212
158,2020-08-03T00:00:00,12580,46,12534,9,0,9,839,0,839,69308,2813,819792
159,2020-08-04T00:00:00,12238,75,12163,9,0,9,751,0,751,70059,2822,832030
160,2020-08-05T00:00:00,11822,55,11767,4,0,4,1075,0,1075,71134,2826,843852
161,2020-08-06T00:00:00,12191,99,12092,14,1,13,1279,0,1279,72413,2840,856043
162,2020-08-07T00:00:00,12832,124,12708,14,1,13,1051,0,1051,73464,2854,868875
163,2020-08-08T00:00:00,4969,52,4917,10,0,10,1047,0,1047,74511,2864,873844
164,2020-08-09T00:00:00,3233,34,3199,6,0,6,673,0,673,75184,2870,877077
165,2020-08-10T00:00:00,14123,70,14053,16,0,16,884,0,884,76068,2886,891200
166,2020-08-11T00:00:00,12114,143,11971,13,0,13,702,0,702,76770,2899,903314
167,2020-08-12T00:00:00,12418,94,12324,15,0,15,1077,0,1077,77847,2914,915732
168,2020-08-13T00:00:00,12593,45,12548,15,1,14,1080,0,1080,78927,2929,928325
169,2020-08-14T00:00:00,13972,64,13908,14,0,14,1138,0,1138,80065,2943,942297
170,2020-08-15T00:00:00,5086,72,5014,9,0,9,775,0,775,80840,2952,947383
171,2020-08-16T00:00:00,3978,25,3953,11,0,11,611,0,611,81451,2963,951361
172,2020-08-17T00:00:00,14694,140,14554,19,1,18,906,0,906,82357,2982,966055
173,2020-08-18T00:00:00,14374,93,14281,5,0,5,547,0,547,82904,2987,980429
174,2020-08-19T00:00:00,13606,183,13423,11,0,11,1010,0,1010,83914,2998,994035
175,2020-08-20T00:00:00,13128,181,12947,12,0,12,1242,0,1242,85156,3010,1007163
176,2020-08-21T00:00:00,12730,224,12506,8,0,8,1147,0,1147,86303,3018,1019893
177,2020-08-22T00:00:00,5280,126,5154,13,0,13,646,0,646,86949,3031,1025173
178,2020-08-23T00:00:00,3136,77,3059,11,1,10,660,0,660,87609,3042,1028309
179,2020-08-24T00:00:00,13060,232,12828,12,1,11,806,0,806,88415,3054,1041369
180,2020-08-25T00:00:00,11818,231,11587,9,0,9,937,0,937,89352,3063,1053187
181,2020-08-26T00:00:00,11414,242,11172,3,1,2,1128,0,1128,90480,3066,1064601
182,2020-08-27T00:00:00,11257,233,11024,15,0,15,803,0,803,91283,3081,1075858
183,2020-08-28T00:00:00,10862,297,10565,10,1,9,1130,0,1130,92413,3091,1086720
184,2020-08-29T00:00:00,4613,156,4457,7,1,6,865,1,864,93278,3098,1091333
185,2020-08-30T00:00:00,2776,123,2653,7,0,7,879,1,878,94157,3105,1094109
186,2020-08-31T00:00:00,11963,2004,9959,11,1,10,711,0,711,94868,3116,1106072
187,2020-09-01T00:00:00,7662,5418,2244,5,1,4,871,0,871,95739,3121,1113734
188,2020-09-02T00:00:00,3259,3104,155,5,5,0,1104,1,1103,96843,3126,1116993
189,2020-09-03T00:00:00,434,434,0,1,1,0,1041,1041,0,97884,3127,1117427
